2020-03-05 17-20,21,22,23,24,25,26,27,28,29,30,31,32
2020-03-20 13,14
2020-03-30 1,2,3,4,14
2020-03-31 2,3,4,57
2020-04-01 16,17
2020-04-02 8,11,12,22,25,27,48
2020-04-03 10,11,12,13,22,29,35,38
2020-04-04 8,10,23,33,35,36
2020-04-07 15,16
2020-04-10 25,26
2020-04-11 30
2020-04-18 40
2020-04-21 47
2020-04-25 29,30,36
2020-04-26 1,10,19,24,25,26,27,28,29,32
2020-04-27 2,3,6,14
2020-05-03 34,35
2020-05-06 22,23,24,30,31,32
2020-05-07 14,18,35,36
2020-05-11 34,35
2020-05-12 1
2020-05-13 38,39,40,41,42,48
2020-05-14 59,60
2020-05-15 8,9
2020-05-18 12,13,14
2020-05-19 1,2,4,5
2020-05-30 76
2020-06-01 47,48
2020-06-06 110,112
2020-06-07 137,138,139,140,141,142,143,144,145,146,147,148,149,150,151,152
2020-06-09 59,64
2020-06-10 14,16,19
2020-06-11 17,18,19,80,90
2020-06-12 1,3,4,5,29,30,31,32,55,56,70,72,83,94,95
2020-06-13 45,77,78,80,84,87
2020-06-14 74,74
2020-06-15 26,36
2020-06-17 8,9,10,36
2020-06-18 17,49,70,71,79,80
2020-06-19 17,55,56,57,58,59,60,61,62,63,65
2020-06-20 19,23,24,25,26,27,28,29,30
2020-06-21 17,40,43,52,53,64,65,66,67,68,69,71,72,73,75
2020-06-22 31,49,58
2020-06-23 38,47,48,50,51,57,58,59,78,80
2020-06-25 45
2020-06-26 14,31,41,42,43
2020-06-27 45,46,79,80
2020-06-28 55,56,60,64,80
2020-06-29 229,267,269,270,313,337,338,339,340,341,342,343,344,345,346,363,373,374,390,391,392,393,398
2020-06-30 1,2,10,11,12,13,14,15,16,17,18,19,20,21,22,23,24,60,63,68,71,75,255
2020-07-02 202,203,204,205
2020-07-08 23,24
2020-07-10 83,85,359,384,400,402,403,404
2020-07-12 60,61,66,67,68,69,70,71,72,101,102,103,222,246,247
2020-07-13 80,189,196,198,225,227,228,231,232,234,235,236,237,238,239,241,242,243,244
2020-07-14 121,122,123,124,125,126,637,638,639,640
2020-07-16 275
2020-07-19 285,359,364
2020-07-20 321,322,323,331,332,333,334,335,336,337,338,339,340,341,342,343,344,345,346
2020-07-21 15
2020-07-22 49,50,228,303,311,325,327,328,335,341,344,347,350,352,353,354,355,356
2020-07-23 2,3,4,5,6,7,8,9,10,11,12,13,14,15,16,17,18,19,20,21,22,23,24,25,26,27,28,29,30,31
2020-07-24 592
2020-08-01 163,164,165
2020-08-03 16,64,81,82
2020-08-05 70,72,73,74,75,76,77,78,79,80
2020-08-06 7,8,9,10,65,66,67,68,69,70,74
2020-08-10 180
2020-08-12 10
2020-08-19 30
2020-08-21 56
2020-08-22 69
2020-08-23 1,3,4,9,10,11
2020-08-27 94,95,97,98,99,100,101,102,103,128,129,130
2020-08-28 12,15,16,23,24
2020-08-29 20,21,22,23,24,25,26,27,28,29,30,31,32,33,34,37,38,39
2020-08-31 41,42,45,46,47,53,54,55
2020-09-01 72
2020-09-03 37,38,39,45,46,49,50,51,52,53,54,55,56,57,58,59,60,61,62
2020-09-06 51,52,53
2020-09-14 16,19,20,21,22,37
2020-09-24 19,20,21,22
2020-09-25 3,5,6,7
2020-09-29 3,10
2020-09-30 15,16,17,18,19,20,21,23,24,25,26,27,28
2020-10-01 6,7,8,9
2020-10-02 8,11,30
2020-10-03 4,5,8,11
2020-10-04 1,2,3,4
2020-10-05 13
2020-10-10 65,66
2020-10-11 6
2020-10-16 26
2020-10-19 8
2020-10-21 15
2020-10-23 84, 90
2020-10-25 9,19
2020-10-29 16
2020-11-01 17,19,56,69,71,72,73,79,80,81,82
2020-11-03 56,57,58,59,60,61,62,63
2020-11-06 2,14,15,16,17,18,30,31,33
2020-11-07 6,9,10
2020-11-08 11
2020-11-09 18
2020-11-10 65
2020-11-16 10,44,45,46,47,48,50,51,52,53,54,55,56,57,58,59,60,61,62,63,64,65,68,74,75,77,78,79
2020-11-17 16,18,19,20,21,24,,26,27,28,29,30,31,32,33,34,35,36,38-59,61-88,91-96
2020-11-18 77-84,109-124
2020-11-19 2,3,4,5,9,42,45,46,62
2020-11-20 21,38,39,42
2020-11-21 51,53-63,67,70,74-89,107,108
2020-11-22 2,45,46,72,81-99
2020-11-23 5-18,20,21,22,24,25,26,27,41,42,43,44,45
2020-11-24 2,28,29,35,36,68,69,70,71,72,74,75 
2020-11-29 18,19,27-32
2020-11-30 16,17
2020-12-01 33-53,65,66,67,68,70,72-85,87-91,106-122
2020-12-02 27,28,29,34,35,36
2020-12-03 17,64,105,106,109,115,116,117,118
2020-12-04 6,9
2020-12-05 97
2020-12-07 3,47,48
2020-12-08 29
2020-12-10 3,45-60,62,63,82-95,100-123
2020-12-11 15-27,29-32,37,42,43,53,54,56-61,71,75,76,79,112
2020-12-12 34,68
2020-12-13 52-84
2020-12-14 4,6,17-34,38
2020-12-15 17,18,19,92-99,101,102,103,105,107-112,114,116,117,120,121,124
2020-12-16 15,16,17,18,21,23-32,36,48,49,50,51,52,102,104-108,110,176
2020-12-17 34,271,272
2020-12-18 28,37,38,74,75,76,77,84,87,88,91,92
2020-12-19 161,164,165,167,216,220,226,227,228,229,230,231,232,249,250,251,255,256,257,258,259,260,261,262,263,264,289-298,303-316
2020-12-20 46
2020-12-21 56,60,61
2020-12-23 76,82
2020-12-24 111,112,118,119,120,185
2020-12-25 84,92,95
2020-12-26 199
2020-12-27 200
2020-12-28 10
2020-12-29 109,110,111,136,137,219 
2020-12-30 17
2020-12-31 173

